[NI Configuration]
NI1 = 29843412.000000    
NI2 = 29843412.000000    